
---------------------------------------------------------------------------------------------------------------------------------------------------------------------------------------------------------------------------------------
                              Variable                          5/1                        5/134                    5/135                     5/136                       5/137                       5/138                       5/203
                                  Case                     Baseline         Change college costs   Change borrowing limit  Change earnings profiles    Change parental altruism        Change college entry                 Cohort 1933
                               Drivers                                                                                                                                                                                                 
          PV of lifetime earnings by s             6.67, 6.80, 7.20             6.67, 6.79, 7.19         6.67, 6.79, 7.19          6.86, 6.90, 7.20            6.86, 6.90, 7.20            6.88, 6.92, 7.22            6.88, 6.92, 7.22
               Premium relative to HSG                   0.13, 0.40                   0.12, 0.40               0.12, 0.40                0.04, 0.30                  0.04, 0.30                  0.04, 0.30                  0.04, 0.30
                     Mean college cost                        3,934                        2,640                    2,640                     2,640                       2,640                       2,640                       2,640
                       Borrowing limit                      -22,596                      -22,596                       -0                        -0                          -0                          -0                          -0
                   Corr ability signal                         0.90                         0.90                     0.90                      0.90                        0.90                        0.90                        0.90
---------------------------------------------------------------------------------------------------------------------------------------------------------------------------------------------------------------------------------------
                             Schooling                                                                                                                                                                                                 
         Fraction dropouts / graduates                   0.32, 0.25                   0.33, 0.26               0.33, 0.25                0.34, 0.24                  0.34, 0.24                  0.19, 0.16                  0.19, 0.16
                     By IQ: frac enter       0.28, 0.48, 0.65, 0.89       0.30, 0.50, 0.65, 0.89   0.30, 0.49, 0.65, 0.88    0.38, 0.53, 0.63, 0.80      0.39, 0.53, 0.63, 0.80      0.18, 0.28, 0.37, 0.57      0.18, 0.28, 0.37, 0.57
                           - frac grad       0.05, 0.14, 0.26, 0.56       0.06, 0.15, 0.26, 0.56   0.06, 0.15, 0.26, 0.55    0.07, 0.15, 0.25, 0.50      0.07, 0.15, 0.25, 0.50      0.03, 0.08, 0.15, 0.36      0.03, 0.08, 0.15, 0.36
                     By yp: frac enter       0.28, 0.49, 0.68, 0.85       0.30, 0.50, 0.68, 0.85   0.29, 0.50, 0.68, 0.85    0.33, 0.52, 0.67, 0.81      0.35, 0.53, 0.66, 0.79      0.15, 0.27, 0.40, 0.56      0.15, 0.27, 0.40, 0.56
                           - frac grad       0.06, 0.16, 0.28, 0.50       0.07, 0.17, 0.28, 0.50   0.06, 0.16, 0.28, 0.50    0.07, 0.16, 0.27, 0.47      0.07, 0.17, 0.27, 0.46      0.03, 0.09, 0.16, 0.34      0.03, 0.09, 0.16, 0.34
---------------------------------------------------------------------------------------------------------------------------------------------------------------------------------------------------------------------------------------
                      College Finances                                                                                                                                                                                                 
                        Earnings by IQ       7.34, 7.44, 7.03, 6.52       7.22, 7.31, 6.83, 6.08   7.48, 7.84, 7.74, 8.07    5.31, 5.79, 5.96, 6.94      4.14, 4.49, 4.29, 4.79      4.15, 4.43, 4.25, 4.83      4.15, 4.43, 4.25, 4.83
                               - by yp       8.13, 7.66, 7.35, 5.88       7.89, 7.45, 7.09, 5.54   8.69, 8.44, 8.11, 7.03    6.83, 6.55, 6.18, 5.61      5.82, 4.98, 4.64, 3.45      5.83, 5.15, 4.83, 3.63      5.83, 5.15, 4.83, 3.63
                       Transfers by IQ       7.07, 7.78, 8.43, 9.96       7.01, 7.73, 8.39, 9.91  7.11, 7.88, 8.53, 10.13   7.67, 8.23, 8.58, 10.18  15.32, 15.03, 15.20, 16.52  15.00, 14.62, 14.87, 16.06  15.00, 14.62, 14.87, 16.06
                               - by yp      4.71, 6.86, 8.22, 11.48      4.70, 6.87, 8.20, 11.43  4.82, 6.98, 8.32, 11.60   5.19, 7.25, 8.63, 11.64   9.23, 13.83, 15.22, 19.90   9.10, 13.10, 14.17, 18.83   9.10, 13.10, 14.17, 18.83
   Fraction paid out of earnings by IQ       0.60, 0.54, 0.46, 0.34       0.66, 0.59, 0.49, 0.34   0.70, 0.64, 0.57, 0.47    0.46, 0.45, 0.42, 0.39      0.34, 0.33, 0.29, 0.26      0.35, 0.33, 0.29, 0.26      0.35, 0.33, 0.29, 0.26
                               - by yp       0.56, 0.50, 0.49, 0.33       0.59, 0.53, 0.51, 0.33   0.68, 0.62, 0.60, 0.44    0.52, 0.47, 0.44, 0.34      0.42, 0.34, 0.32, 0.20      0.43, 0.35, 0.33, 0.21      0.43, 0.35, 0.33, 0.21
        By IQ: fraction in debt at eoc       0.20, 0.25, 0.35, 0.61       0.16, 0.23, 0.32, 0.57   0.00, 0.00, 0.00, 0.00    0.00, 0.00, 0.00, 0.00      0.00, 0.00, 0.00, 0.00      0.00, 0.00, 0.00, 0.00      0.00, 0.00, 0.00, 0.00
                    - mean debt at eoc  1,905, 3,627, 5,962, 11,879  1,410, 3,045, 5,186, 11,194               0, 0, 0, 0                0, 0, 0, 0                  0, 0, 0, 0                  0, 0, 0, 0                  0, 0, 0, 0
        By yp: fraction in debt at eoc       0.40, 0.36, 0.34, 0.49       0.37, 0.31, 0.31, 0.47   0.00, 0.00, 0.00, 0.00    0.00, 0.00, 0.00, 0.00      0.00, 0.00, 0.00, 0.00      0.00, 0.00, 0.00, 0.00      0.00, 0.00, 0.00, 0.00
                    - mean debt at eoc   4,808, 6,269, 6,276, 9,398   4,190, 5,466, 5,764, 8,579               0, 0, 0, 0                0, 0, 0, 0                  0, 0, 0, 0                  0, 0, 0, 0                  0, 0, 0, 0
---------------------------------------------------------------------------------------------------------------------------------------------------------------------------------------------------------------------------------------
