
-----------------------------------------------------------------------------------------------------------------------------------------------------------------------------------------------------------------------------------
                              Variable                         7/1                       7/124                    7/125                      7/126                          7/127                    7/128                    7/202
                                  Case                    Baseline        Change college costs       Also change bLimit  Only change earn profiles  Also change parental altruism    Also change schooling              Cohort 1940
                               Drivers                                                                                                                                                                                             
          PV of lifetime earnings by s            6.31, 6.33, 6.97            6.31, 6.33, 6.97         6.31, 6.33, 6.96           6.69, 6.69, 7.59               6.69, 6.69, 7.59         6.69, 6.69, 7.59         6.69, 6.69, 7.59
               Premium relative to HSG                  0.03, 0.63                  0.03, 0.63               0.02, 0.63                 0.00, 0.90                     0.00, 0.90               0.00, 0.90               0.00, 0.90
                     Mean college cost                       3,815                       2,662                    2,662                      2,662                          2,662                    2,662                    2,662
                       Borrowing limit                     -22,596                     -22,596                       -0                         -0                             -0                       -0                       -0
                   Corr ability signal                        0.46                        0.46                     0.46                       0.46                           0.46                     0.46                     0.46
-----------------------------------------------------------------------------------------------------------------------------------------------------------------------------------------------------------------------------------
                             Schooling                                                                                                                                                                                             
         Fraction dropouts / graduates                  0.32, 0.25                  0.32, 0.25               0.32, 0.25                 0.32, 0.25                     0.32, 0.25               0.30, 0.24               0.30, 0.24
                     By IQ: frac enter      0.28, 0.48, 0.67, 0.85      0.28, 0.49, 0.67, 0.84   0.30, 0.49, 0.66, 0.84     0.24, 0.47, 0.69, 0.89         0.24, 0.47, 0.69, 0.89   0.22, 0.43, 0.66, 0.87   0.22, 0.43, 0.66, 0.87
                           - frac grad      0.08, 0.17, 0.29, 0.46      0.08, 0.17, 0.29, 0.46   0.08, 0.17, 0.29, 0.46     0.07, 0.17, 0.30, 0.48         0.07, 0.17, 0.30, 0.48   0.06, 0.16, 0.29, 0.47   0.06, 0.16, 0.29, 0.47
                     By yp: frac enter      0.44, 0.57, 0.58, 0.68      0.45, 0.57, 0.58, 0.68   0.44, 0.57, 0.59, 0.68     0.32, 0.53, 0.65, 0.79         0.32, 0.53, 0.65, 0.79   0.30, 0.50, 0.62, 0.76   0.30, 0.50, 0.62, 0.76
                           - frac grad      0.15, 0.23, 0.26, 0.36      0.16, 0.23, 0.26, 0.35   0.15, 0.23, 0.26, 0.35     0.11, 0.21, 0.28, 0.40         0.11, 0.21, 0.28, 0.40   0.10, 0.20, 0.27, 0.39   0.10, 0.20, 0.27, 0.39
-----------------------------------------------------------------------------------------------------------------------------------------------------------------------------------------------------------------------------------
                      College Finances                                                                                                                                                                                             
                        Earnings by IQ      8.36, 8.06, 7.38, 6.53      8.24, 7.91, 7.20, 6.25   8.60, 8.47, 7.93, 7.59     3.16, 3.61, 3.59, 4.31         3.16, 3.61, 3.59, 4.31   3.14, 3.57, 3.55, 4.30   3.14, 3.57, 3.55, 4.30
                               - by yp      8.61, 7.84, 7.07, 6.31      8.42, 7.63, 6.91, 6.05   9.11, 8.43, 7.67, 7.23     4.72, 4.14, 3.44, 3.57         4.72, 4.14, 3.45, 3.57   4.68, 4.13, 3.46, 3.56   4.68, 4.13, 3.46, 3.56
                       Transfers by IQ      5.91, 6.54, 7.26, 8.51      5.83, 6.45, 7.16, 8.40   6.03, 6.72, 7.42, 8.69     8.22, 7.99, 8.91, 9.49         8.22, 7.98, 8.90, 9.48   8.17, 7.96, 8.85, 9.44   8.17, 7.96, 8.85, 9.44
                               - by yp     3.71, 6.07, 7.77, 10.56     3.69, 6.03, 7.68, 10.41  3.81, 6.19, 7.93, 10.80    4.19, 6.20, 9.06, 12.39        4.19, 6.20, 9.05, 12.38  4.13, 6.16, 8.93, 12.31  4.13, 6.16, 8.93, 12.31
   Fraction paid out of earnings by IQ      0.81, 0.70, 0.63, 0.46      0.90, 0.75, 0.68, 0.47   0.96, 0.83, 0.77, 0.60     0.27, 0.29, 0.29, 0.30         0.27, 0.29, 0.29, 0.30   0.27, 0.29, 0.28, 0.30   0.27, 0.29, 0.28, 0.30
                               - by yp      0.82, 0.69, 0.60, 0.42      0.89, 0.74, 0.65, 0.43   1.03, 0.85, 0.74, 0.53     0.46, 0.35, 0.28, 0.23         0.46, 0.36, 0.28, 0.23   0.47, 0.36, 0.28, 0.23   0.47, 0.36, 0.28, 0.23
        By IQ: fraction in debt at eoc      0.23, 0.30, 0.33, 0.44      0.20, 0.25, 0.30, 0.43   0.00, 0.00, 0.00, 0.00     0.00, 0.00, 0.00, 0.00         0.00, 0.00, 0.00, 0.00   0.00, 0.00, 0.00, 0.00   0.00, 0.00, 0.00, 0.00
                    - mean debt at eoc  3,106, 4,513, 5,356, 8,657  2,467, 3,857, 4,625, 7,973               0, 0, 0, 0                 0, 0, 0, 0                     0, 0, 0, 0               0, 0, 0, 0               0, 0, 0, 0
        By yp: fraction in debt at eoc      0.38, 0.29, 0.35, 0.40      0.25, 0.29, 0.34, 0.40   0.00, 0.00, 0.00, 0.00     0.00, 0.00, 0.00, 0.00         0.00, 0.00, 0.00, 0.00   0.00, 0.00, 0.00, 0.00   0.00, 0.00, 0.00, 0.00
                    - mean debt at eoc  5,179, 5,573, 5,395, 7,803  4,584, 5,007, 4,438, 7,161               0, 0, 0, 0                 0, 0, 0, 0                     0, 0, 0, 0               0, 0, 0, 0               0, 0, 0, 0
-----------------------------------------------------------------------------------------------------------------------------------------------------------------------------------------------------------------------------------
