 
------------------------------------------------------------------------------------------------------------------------------------------------------
                              Variable                         7/1                          7/114                    7/115                       7/116
                                  Case                    Baseline      Only change earn profiles       Only change bLimit        Change college costs
                               Drivers                                                                                                                
          PV of lifetime earnings by s            6.31, 6.33, 6.97               6.86, 6.83, 7.43         6.31, 6.33, 6.97            6.31, 6.33, 6.97
               Premium relative to HSG                  0.03, 0.63                    -0.02, 0.60               0.03, 0.63                  0.03, 0.63
                     Mean college cost                       3,815                          3,815                    3,815                       4,032
                       Borrowing limit                     -22,596                        -22,596                       -0                     -22,596
                   Corr ability signal                        0.46                           0.46                     0.46                        0.46
------------------------------------------------------------------------------------------------------------------------------------------------------
                             Schooling                                                                                                                
         Fraction dropouts / graduates                  0.32, 0.25                     0.33, 0.24               0.32, 0.25                  0.32, 0.25
                     By IQ: frac enter      0.28, 0.48, 0.67, 0.85         0.38, 0.50, 0.64, 0.76   0.29, 0.48, 0.66, 0.84      0.28, 0.48, 0.67, 0.84
                           - frac grad      0.08, 0.17, 0.29, 0.46         0.10, 0.18, 0.27, 0.41   0.08, 0.17, 0.28, 0.46      0.08, 0.17, 0.29, 0.46
                     By yp: frac enter      0.44, 0.57, 0.58, 0.68         0.41, 0.55, 0.63, 0.69   0.43, 0.57, 0.59, 0.68      0.45, 0.57, 0.58, 0.68
                           - frac grad      0.15, 0.23, 0.26, 0.36         0.13, 0.21, 0.27, 0.35   0.15, 0.23, 0.26, 0.35      0.15, 0.23, 0.26, 0.35
------------------------------------------------------------------------------------------------------------------------------------------------------
                      College Finances                                                                                                                
                        Earnings by IQ      8.36, 8.06, 7.38, 6.53         0.79, 1.11, 1.09, 1.70   8.79, 8.70, 8.20, 7.96      8.36, 8.08, 7.41, 6.61
                               - by yp      8.61, 7.84, 7.07, 6.31         1.64, 1.32, 0.86, 1.33   9.37, 8.70, 7.99, 7.54      8.63, 7.88, 7.10, 6.39
                       Transfers by IQ      5.91, 6.54, 7.26, 8.51         8.24, 7.64, 8.53, 9.05   6.17, 6.86, 7.56, 8.83      5.94, 6.57, 7.30, 8.54
                               - by yp     3.71, 6.07, 7.77, 10.56        4.56, 6.03, 9.33, 11.84  3.85, 6.25, 8.06, 11.00     3.73, 6.08, 7.81, 10.61
   Fraction paid out of earnings by IQ      0.81, 0.70, 0.63, 0.46         0.05, 0.07, 0.07, 0.10   0.88, 0.78, 0.73, 0.58      0.81, 0.69, 0.63, 0.46
                               - by yp      0.82, 0.69, 0.60, 0.42         0.12, 0.09, 0.06, 0.07   0.96, 0.79, 0.71, 0.52      0.83, 0.69, 0.60, 0.41
        By IQ: fraction in debt at eoc      0.23, 0.30, 0.33, 0.44         0.71, 0.74, 0.75, 0.73   0.00, 0.00, 0.00, 0.00      0.24, 0.31, 0.34, 0.44
                    - mean debt at eoc  3,106, 4,513, 5,356, 8,657  8,954, 10,109, 10,614, 12,664               0, 0, 0, 0  3,090, 4,533, 5,350, 8,692
        By yp: fraction in debt at eoc      0.38, 0.29, 0.35, 0.40         0.90, 0.80, 0.67, 0.63   0.00, 0.00, 0.00, 0.00      0.38, 0.29, 0.37, 0.39
                    - mean debt at eoc  5,179, 5,573, 5,395, 7,803  12,064, 11,173, 9,832, 11,001               0, 0, 0, 0  5,100, 5,587, 5,392, 7,876
------------------------------------------------------------------------------------------------------------------------------------------------------
Saved table cohort1940
