 
------------------------------------------------------------------------------------------------------------------------------------------------------
                              Variable                         7/1                          7/104                    7/105                       7/106
                                  Case                    Baseline      Only change earn profiles       Only change bLimit               College costs
                               Drivers                                                                                                                
          PV of lifetime earnings by s            6.31, 6.33, 6.97               6.59, 6.69, 7.51         6.31, 6.33, 6.97            6.31, 6.33, 6.97
               Premium relative to HSG                  0.03, 0.63                     0.11, 0.82               0.03, 0.63                  0.03, 0.63
                     Mean college cost                       3,815                          3,815                    3,815                       2,781
                       Borrowing limit                     -22,596                        -22,596                       -0                     -22,596
                   Corr ability signal                        0.46                           0.46                     0.46                        0.46
------------------------------------------------------------------------------------------------------------------------------------------------------
                             Schooling                                                                                                                
         Fraction dropouts / graduates                  0.32, 0.25                     0.33, 0.25               0.32, 0.25                  0.32, 0.25
                     By IQ: frac enter      0.28, 0.48, 0.67, 0.85         0.33, 0.50, 0.65, 0.81   0.29, 0.48, 0.66, 0.84      0.28, 0.48, 0.66, 0.84
                           - frac grad      0.08, 0.17, 0.29, 0.46         0.09, 0.18, 0.28, 0.44   0.08, 0.17, 0.28, 0.46      0.08, 0.17, 0.28, 0.46
                     By yp: frac enter      0.44, 0.57, 0.58, 0.68         0.45, 0.57, 0.60, 0.68   0.43, 0.57, 0.59, 0.68      0.45, 0.56, 0.58, 0.67
                           - frac grad      0.15, 0.23, 0.26, 0.36         0.15, 0.23, 0.26, 0.35   0.15, 0.23, 0.26, 0.35      0.15, 0.23, 0.26, 0.35
------------------------------------------------------------------------------------------------------------------------------------------------------
                      College Finances                                                                                                                
                        Earnings by IQ      8.36, 8.06, 7.38, 6.53         2.35, 2.47, 2.19, 2.63   8.79, 8.70, 8.20, 7.96      8.24, 7.91, 7.20, 6.29
                               - by yp      8.61, 7.84, 7.07, 6.31         3.13, 2.52, 1.98, 2.30   9.37, 8.70, 7.99, 7.54      8.41, 7.64, 6.91, 6.09
                       Transfers by IQ      5.91, 6.54, 7.26, 8.51         5.82, 6.42, 6.94, 8.02   6.17, 6.86, 7.56, 8.83      5.83, 6.45, 7.15, 8.39
                               - by yp     3.71, 6.07, 7.77, 10.56         3.68, 5.77, 7.53, 9.85  3.85, 6.25, 8.06, 11.00     3.70, 6.02, 7.68, 10.41
   Fraction paid out of earnings by IQ      0.81, 0.70, 0.63, 0.46         0.18, 0.17, 0.16, 0.16   0.88, 0.78, 0.73, 0.58      0.91, 0.76, 0.68, 0.48
                               - by yp      0.82, 0.69, 0.60, 0.42         0.25, 0.18, 0.14, 0.13   0.96, 0.79, 0.71, 0.52      0.91, 0.74, 0.65, 0.43
        By IQ: fraction in debt at eoc      0.23, 0.30, 0.33, 0.44         0.62, 0.64, 0.61, 0.69   0.00, 0.00, 0.00, 0.00      0.20, 0.25, 0.28, 0.43
                    - mean debt at eoc  3,106, 4,513, 5,356, 8,657   8,313, 9,367, 10,350, 12,716               0, 0, 0, 0  2,397, 3,819, 4,589, 7,990
        By yp: fraction in debt at eoc      0.38, 0.29, 0.35, 0.40         0.81, 0.71, 0.58, 0.55   0.00, 0.00, 0.00, 0.00      0.28, 0.29, 0.30, 0.40
                    - mean debt at eoc  5,179, 5,573, 5,395, 7,803  10,899, 9,987, 10,069, 11,622               0, 0, 0, 0  4,490, 4,992, 4,378, 7,237
------------------------------------------------------------------------------------------------------------------------------------------------------
Saved table cohort1915
